[
    [
        "Westeros",
        100.0,
        0.0,
        [
            [
                "Mesa Stark",
                [
                    [
                        "Invernalia",
                        [
                            [
                                [40, 59, 40],
                                [10, 20, 40]
                            ],
                            [
                                [40, 20, 40],
                                [12, 20, 30]
                            ]
                        ]
                    ],
                    [
                        "El muro",
                        [
                            [
                                [20, 40, 30],
                                [10, 20, 30]
                            ],
                            [
                                [-20, 30, 59],
                                [10, 20, 30]
                            ]
                        ]
                    ],
                    [
                        "Bosque de los lobos",
                        [
                            [
                                [20, 40, 30],
                                [-10, 20, 30]
                            ],
                            [
                                [20, 30, 59],
                                [-10, 20, 30]
                            ]
                        ]
                    ]
                ]
            ],
            [
                "Mesa Targaryen",
                [
                    [
                        "King's Landing",
                        [
                            [
                                [89,0,0],[120,30,20]
                            ],
                            [
                                [70,0,0],[110, 30, 40]
                            ]
                        ]
                    ]
                ]
            ],
            [
                "Mesa Baratheon",
                [
                    [
                        "Bastion de tormentas",
                        [
                            [
                                [-89,0,0],[120,30,20]
                            ],
                            [
                                [-70,0,0],[110, 30, 40]
                            ]
                        ]
                    ]
                ]
            ],
            [
                "Mesa Tyrell",
                [
                    [
                        "High Garden",
                        [
                            [
                                [-89,0,0],[-120,30,20]
                            ],
                            [
                                [-70,0,0],[-110, 30, 40]
                            ]
                        ]
                    ]
                ]
            ]
        ]
    ],
    [
        "Essos",
        100.0,
        0.0,
        [
            [
                "Vaes DothRak",
                [
                    [
                        "Camino de los Dioses",
                        [               
                            [
                                [-1, 10, 20],[-20,30,40]
                            ],
                            [
                                [-3,10,20],[-30, 30, 59]
                            ]
                        ]
                    ]
                ]
            ],
            [
                "Valyria del norte",
                [
                    [
                        "Ruinas Valyria",
                        [               
                            [
                                [-10, 10, 20],[-20,30,40]
                            ],
                            [
                                [-30,10,20],[-30, 30, 59]
                            ]
                        ]
                    ]
                ]
            ],
            [
                "Pontos",
                [
                    [
                        "Ruinas Valyria",
                        [               
                            [
                                [-89, 10, 20],[-120,30,40]
                            ],
                            [
                                [-89,10,20],[-130, 30, 59]
                            ]
                        ]
                    ]
                ]
            ]
        ]
    ]
]